service_id,monday,tuesday,wednesday,thursday,friday,saturday,sunday,start_date,end_date
1,1,1,1,1,1,1,1,20171212,20181208
2,1,1,1,1,1,1,1,20171212,20181208
3,1,1,1,1,1,1,1,20171212,20181208
4,1,1,1,1,1,1,1,20171212,20181208
5,1,1,1,1,1,1,1,20171212,20181208
6,1,1,1,1,1,1,1,20171212,20181208
7,1,1,1,1,1,1,1,20171212,20181208
8,1,1,1,1,1,1,1,20171212,20181208
9,1,1,1,1,1,1,1,20171212,20181208
10,1,0,0,0,0,1,1,20171212,20181208
11,1,1,1,1,1,0,0,20171212,20181208
12,1,1,1,1,1,0,0,20171212,20181208
13,1,1,1,1,1,0,0,20171212,20181208
14,1,1,1,1,1,0,0,20171212,20181208
15,1,1,1,1,1,0,0,20171212,20181208
16,1,1,1,1,1,0,0,20171212,20181208
17,1,1,1,1,1,1,1,20171212,20181208
18,1,1,1,1,1,0,0,20171212,20181208
19,1,1,1,1,1,0,0,20171212,20181208
20,0,0,0,0,1,1,1,20171212,20181208
21,1,1,1,1,1,0,0,20171212,20181208
22,1,1,1,1,1,1,1,20171212,20181208
23,1,1,1,1,1,1,1,20171212,20181208
24,1,1,1,1,1,1,1,20171212,20181208
25,1,1,1,1,1,1,1,20171212,20181208
26,1,1,1,1,1,0,1,20171212,20181208
27,1,1,1,1,1,0,0,20171212,20181208
28,1,1,1,1,1,0,0,20171212,20181208
29,1,1,1,1,1,1,0,20171212,20181208
30,1,1,1,1,1,0,0,20171212,20181208
31,1,1,1,1,1,0,0,20171212,20181208
32,1,1,1,1,1,0,0,20171212,20181208
33,1,1,1,1,1,1,1,20171212,20181208
34,1,1,1,1,1,1,0,20171212,20181208
35,1,1,1,1,1,0,0,20171212,20181208
36,1,1,1,1,1,0,0,20171212,20181208
37,1,1,1,1,1,0,0,20171212,20181208
38,1,1,1,1,1,1,1,20171212,20181208
39,1,1,1,1,1,1,1,20171212,20181208
40,1,1,1,1,1,1,1,20171212,20181208
41,1,1,1,1,1,1,1,20171212,20181208
42,1,1,1,1,1,1,1,20171212,20181208
43,1,1,1,1,1,1,1,20171212,20181208
44,1,1,1,1,1,1,1,20171212,20181208
45,1,1,1,1,1,0,0,20171212,20181208
46,1,0,1,1,1,1,1,20171212,20181208
47,1,1,1,1,0,1,1,20171212,20181208
48,1,1,1,1,1,1,1,20171212,20181208
49,1,1,1,1,1,1,0,20171212,20181208
50,1,1,1,1,1,0,0,20171212,20181208
51,1,1,1,1,1,1,1,20171212,20181208
52,1,1,1,1,1,1,1,20171212,20181208
53,1,1,1,1,1,0,0,20171212,20181208
54,1,1,1,1,1,1,1,20171212,20181208
55,1,1,1,1,1,1,1,20171212,20181208
56,1,1,1,1,1,1,1,20171212,20181208
57,1,1,1,1,1,1,1,20171212,20181208
58,1,1,1,1,1,1,1,20171212,20181208
59,1,1,1,1,1,1,1,20171212,20181208
60,1,1,1,1,1,1,1,20171212,20181208
61,1,1,1,1,1,1,1,20171212,20181208
62,1,1,1,1,1,0,1,20171212,20181208
63,0,1,0,0,0,0,0,20171212,20181208
64,1,1,1,1,1,1,1,20171212,20181208
65,1,1,1,1,1,1,1,20171212,20181208
66,1,1,1,1,1,1,1,20171212,20181208
67,1,1,1,1,1,1,1,20171212,20181208
68,1,1,1,1,1,0,0,20171212,20181208
69,1,1,1,1,1,1,1,20171212,20181208
70,1,1,1,1,1,1,1,20171212,20181208
71,1,1,1,1,1,0,1,20171212,20181208
72,1,1,1,1,1,1,1,20171212,20181208
73,1,1,1,1,1,1,1,20171212,20181208
74,1,1,1,1,1,1,1,20171212,20181208
75,1,1,1,1,1,0,1,20171212,20181208
76,1,1,1,1,1,1,1,20171212,20181208
77,1,1,1,1,1,1,1,20171212,20181208
78,0,0,0,0,0,1,0,20171212,20181208
79,1,1,1,1,1,1,1,20171212,20181208
80,1,1,1,1,1,1,1,20171212,20181208
81,0,0,0,0,0,0,0,20171212,20181208
82,1,1,1,1,1,0,0,20171212,20181208
83,1,1,1,1,1,0,1,20171212,20181208
84,1,1,1,1,1,1,1,20171212,20181208
85,1,1,1,1,1,0,0,20171212,20181208
86,1,1,1,1,1,1,1,20171212,20181208
87,1,1,1,1,1,1,0,20171212,20181208
88,1,1,1,1,1,1,1,20171212,20181208
89,1,1,1,1,0,1,1,20171212,20181208
90,1,1,1,1,1,0,0,20171212,20181208
91,0,0,0,0,0,0,1,20171212,20181208
92,0,0,0,0,0,1,0,20171212,20181208
93,1,1,1,1,1,1,0,20171212,20181208
94,1,1,1,1,1,0,0,20171212,20181208
95,1,1,1,1,1,1,1,20171212,20181208
96,1,1,1,1,1,1,1,20171212,20181208
97,1,1,1,1,1,1,1,20171212,20181208
98,1,1,1,1,1,0,0,20171212,20181208
99,1,1,1,1,1,0,1,20171212,20181208
100,1,1,1,1,1,1,0,20171212,20181208
101,1,1,1,1,1,0,0,20171212,20181208
102,1,1,1,1,1,0,0,20171212,20181208
103,1,1,1,1,1,1,1,20171212,20181208
104,1,1,1,1,1,1,1,20171212,20181208
105,1,1,1,1,1,1,1,20171212,20181208
106,1,1,1,1,1,1,1,20171212,20181208
107,1,1,1,1,1,1,1,20171212,20181208
108,0,0,0,0,0,1,0,20171212,20181208
109,1,1,1,1,1,1,1,20171212,20181208
110,1,1,1,1,1,0,0,20171212,20181208
111,1,1,1,1,1,1,1,20171212,20181208
112,1,1,1,1,1,0,1,20171212,20181208
113,1,1,1,1,1,1,1,20171212,20181208
114,1,1,1,1,1,1,1,20171212,20181208
115,1,1,1,1,1,0,0,20171212,20181208
116,1,1,1,1,1,0,1,20171212,20181208
117,0,1,1,1,1,0,0,20171212,20181208
118,1,1,1,1,1,1,1,20171212,20181208
119,1,1,1,1,1,1,1,20171212,20181208
120,1,1,1,1,1,0,1,20171212,20181208
121,1,1,1,1,0,1,1,20171212,20181208
122,1,1,1,1,1,0,0,20171212,20181208
123,1,0,0,0,0,1,1,20171212,20181208
124,1,1,1,1,1,1,1,20171212,20181208
125,1,1,1,1,1,1,1,20171212,20181208
126,1,1,1,1,1,0,0,20171212,20181208
127,0,0,0,0,0,1,1,20171212,20181208
128,1,1,1,1,1,1,1,20171212,20181208
129,0,1,1,1,1,0,0,20171212,20181208
130,1,1,1,1,1,0,0,20171212,20181208
131,1,1,1,1,1,0,0,20171212,20181208
132,1,1,1,1,1,0,0,20171212,20181208
133,1,1,1,1,1,0,0,20171212,20181208
134,1,1,1,1,1,1,0,20171212,20181208
135,1,1,1,1,1,0,1,20171212,20181208
136,1,1,1,1,1,0,1,20171212,20181208
137,1,1,1,1,1,0,0,20171212,20181208
138,1,1,1,1,1,0,0,20171212,20181208
139,1,1,1,1,1,0,0,20171212,20181208
140,1,1,1,1,1,1,1,20171212,20181208
141,1,1,1,1,1,1,1,20171212,20181208
142,1,1,1,1,1,1,1,20171212,20181208
143,1,1,1,1,1,1,1,20171212,20181208
144,1,1,1,1,1,1,1,20171212,20181208
145,1,1,1,1,1,0,0,20171212,20181208
146,1,1,1,1,1,1,1,20171212,20181208
147,1,1,1,1,1,1,1,20171212,20181208
148,1,1,1,1,1,1,1,20171212,20181208
149,1,1,1,1,1,0,0,20171212,20181208
150,1,1,1,1,1,0,0,20171212,20181208
151,1,1,1,1,1,0,0,20171212,20181208
152,1,1,1,1,1,0,0,20171212,20181208
153,1,1,1,1,1,1,1,20171212,20181208
154,1,1,1,1,1,0,0,20171212,20181208
155,1,1,1,1,1,0,0,20171212,20181208
156,1,1,1,1,1,0,1,20171212,20181208
157,1,1,1,1,1,1,1,20171212,20181208
158,1,1,1,1,1,0,0,20171212,20181208
159,0,0,0,0,0,0,1,20171212,20181208
160,1,1,1,1,0,1,1,20171212,20181208
161,1,1,1,1,1,1,1,20171212,20181208
162,1,1,1,1,1,0,0,20171212,20181208
163,1,1,1,1,1,1,1,20171212,20181208
164,0,0,0,0,0,0,0,20171212,20181208
165,1,1,1,1,1,0,0,20171212,20181208
166,1,1,1,1,1,1,1,20171212,20181208
167,1,1,1,1,1,0,0,20171212,20181208
168,1,1,1,1,1,0,1,20171212,20181208
169,1,1,1,1,1,0,0,20171212,20181208
170,1,1,1,1,1,1,1,20171212,20181208
171,1,1,1,1,1,1,1,20171212,20181208
172,1,1,1,1,1,0,0,20171212,20181208
173,1,1,1,1,1,0,0,20171212,20181208
174,1,1,1,1,1,1,1,20171212,20181208
175,1,1,1,1,1,0,1,20171212,20181208
176,1,1,1,1,1,1,1,20171212,20181208
177,1,1,1,1,1,1,1,20171212,20181208
178,1,1,1,1,1,1,1,20171212,20181208
179,1,1,1,1,1,1,1,20171212,20181208
180,1,1,1,1,1,1,1,20171212,20181208
181,1,1,1,1,1,1,1,20171212,20181208
182,1,1,1,1,1,1,1,20171212,20181208
183,1,0,0,0,0,1,0,20171212,20181208
184,1,1,1,1,1,1,1,20171212,20181208
185,1,1,1,1,1,1,1,20171212,20181208
186,0,0,0,0,0,1,0,20171212,20181208
187,1,1,1,1,1,1,1,20171212,20181208
188,1,1,1,1,1,1,1,20171212,20181208
189,0,0,0,0,0,1,0,20171212,20181208
190,1,1,1,1,1,1,1,20171212,20181208
191,1,1,1,1,1,1,1,20171212,20181208
192,0,0,0,0,0,1,1,20171212,20181208
193,1,1,1,1,1,1,1,20171212,20181208
194,1,1,1,1,1,1,1,20171212,20181208
195,1,1,1,1,1,1,1,20171212,20181208
196,1,1,1,1,1,1,1,20171212,20181208
197,1,1,1,1,1,1,0,20171212,20181208
