route_id,service_id,trip_id,trip_short_name
1,1,16363,R
2,1,16321,R
3,1,16524,R
4,1,16344,R
5,1,16211,R
6,2,16232,R
7,1,16511,R
8,1,16355-2,R
9,1,16270,R
10,1,16153,R
11,3,16239,R
12,1,16204,R
13,1,16343,R
14,1,16515,R
15,3,16246,R
16,1,16279,R
17,3,16249,R
18,1,16673,R
1,1,16365,R
14,1,16517,R
19,1,16354,R
20,1,16686,R
21,1,16037,R
22,1,16190,R
23,1,16105,R
24,1,16100,R
13,1,16335,R
14,1,16519,R
25,1,16108,R
26,1,16188,R
27,3,16106,R
28,1,16319,R
9,1,16276,R
29,1,16157,R
30,3,16237,R
4,1,16346,R
6,3,16226,R
31,1,16502,R
32,1,16550,R
33,1,16014,R
34,1,16544,R
35,1,16152,R
5,1,16213,R
36,3,16103,R
37,1,16318,R
38,1,16179-2,R
39,1,16174,R
31,1,16504,R
31,1,16508,R
6,3,16220,R
40,1,16301,R
41,2,16234,R
42,1,16543,R
43,1,16689,R
44,1,16150,R
45,1,16366,R
7,1,16505,R
20,1,16680,R
46,1,16109,R
47,1,16020,R
48,1,16360,R
49,1,16541,R
18,1,16681,R
4,1,16340,R
50,1,16512,R
51,3,16223,R
20,1,16684,R
52,2,16235,R
53,2,16236,R
6,3,16224,R
54,1,16316,R
55,1,16122,R
56,1,16210,R
57,1,16314,R
58,3,16107,R
21,1,16035,R
59,1,16156,R
34,1,16540,R
60,1,16364,R
4,1,16342,R
31,1,16510,R
14,1,16521,R
9,1,16274,R
4,1,16334,R
61,1,16278,R
3,1,16520,R
62,3,16243,R
63,3,16238,R
13,1,16337,R
64,1,16111,R
31,1,16506,R
15,3,16248,R
65,1,16032,R
8,1,16353-2,R
6,3,16222,R
66,1,16127,R
67,1,16548,R
20,1,16674,R
67,1,16542,R
5,1,16209,R
18,1,16683,R
68,1,16142,R
69,1,16551,R
70,1,16180,R
13,1,16347,R
56,1,16214,R
71,1,16068,IR
47,1,16016,R
13,1,16345,R
19,1,16350,R
5,1,16215,R
4,1,16338,R
19,1,16356,R
14,1,16523,R
72,1,16183,R
50,1,16514,R
73,1,16012,R
56,1,16202,R
7,1,16501,R
13,1,16333,R
18,1,16685,R
74,3,16240,R
7,1,16509,R
75,2,16231,R
3,1,16522,R
76,1,16187,R
55,1,16124,R
20,1,16678,R
77,1,16302,R
78,1,16175,R
39,1,16170,R
79,3,16247,R
80,1,16148,R
81,1,16320,R
60,1,16362,R
65,1,16030,R
3,1,16516,R
82,1,16547,R
83,1,16181,R
51,3,16221,R
84,1,16271,R
85,1,16182,R
66,1,16123,R
18,1,16687,R
86,1,16203,R
75,2,16233,R
87,3,16242,R
9,1,16280,R
69,1,16545,R
8,1,16357-2,R
38,1,16169-2,R
88,1,16185,R
16,1,16275,R
89,1,16546,R
88,1,16189,R
51,3,16225,R
90,1,16019,R
16,1,16277,R
91,3,16244,R
38,1,16177-2,R
92,1,16367,R
41,2,16228,R
5,1,16205,R
18,1,16675,R
1,1,16361,R
4,1,16332,R
93,1,16147,R
94,1,16172,R
21,1,16031,R
37,1,16312,R
95,4,16088,IR
96,1,16113,R
18,1,16679,R
14,1,16525,R
39,1,16178,R
94,1,16176,R
97,2,16229,R
98,1,16184,R
56,1,16206,R
99,1,16011,R
2,1,16315,R
100,1,16149,R
4,1,16336,R
45,1,16368,R
101,1,16527,R
102,1,16067-2,IR
20,1,16676,R
38,1,16173-2,R
75,2,16227,R
103,1,16146,R
7,1,16503,R
104,1,16018,R
56,1,16212,R
31,1,16500,R
105,1,16110,R
40,1,16303,R
9,1,16272,R
4,1,16330,R
13,1,16331,R
99,1,16017,R
106,1,16101,R
35,1,16144,R
16,1,16283,R
107,2,16230,R
5,1,16207,R
35,1,16158,R
29,1,16145,R
87,3,16250,R
9,1,16282,R
29,1,16159,R
108,1,16323,R
109,1,16311,R
110,1,16310,R
14,1,16513,R
56,1,16208,R
18,1,16677,R
65,1,16034,R
111,1,16671,R
55,1,16120,R
13,1,16339,R
112,1,16126,R
8,1,16351-2,R
103,1,16154,R
13,1,16341,R
26,1,16186,R
7,1,16507,R
38,1,16171-2,R
16,1,16281,R
66,1,16121,R
25,1,16104,R
25,1,16102,R
3,1,16518,R
66,1,16125,R
53,2,16252,R
17,3,16241,R
90,1,16015,R
19,1,16352,R
51,3,16219,R
77,1,16300,R
20,1,16682,R
113,1,16313,R
20,1,16670,R
20,1,16672,R
114,1,16013,R
115,1,16317,R
116,1,16273,R
117,4,16089-2,IR
118,1,16155,R
119,1,16033,R
65,1,16036,R
39,1,16168,R
29,1,16151,R
120,3,16245,R
82,1,16549,R
121,5,1052,IR
122,5,1051,IR
123,6,15582,IR
124,6,15581,IR
125,7,15584,IR
126,8,15534,IR
126,9,15532,IR
127,10,15525,IR
128,10,15533,IR
129,7,15583,IR
128,8,15537,IR
130,11,15593-2,IR
127,12,15523,IR
131,13,15520,IR
132,14,15594,IR
131,15,15522,IR
126,8,15538,IR
133,16,15592,IR
126,10,15536,IR
134,17,15591,IR
128,13,15531,IR
128,10,15535,IR
135,18,15762,R
136,19,15819,R
137,20,15808,R
138,3,15711,R
139,1,15847,R
140,1,15807,R
141,2,15774,R
142,21,15739,R
143,22,15705,R
144,23,15839-2,R
145,1,15757,R
146,24,15830,R
136,1,15827,R
147,1,15835,R
136,1,15821,R
148,25,15868,R
149,26,15816,R
150,1,15833,R
140,20,15809,R
151,1,15892,R
152,27,15883,R
153,21,15733,R
154,21,15738,R
151,1,15884,R
155,28,15812,R
156,21,15736,R
157,29,15889,R
158,1,15875,R
159,2,15775,R
160,1,15836,R
161,1,15865,R
136,30,15825,R
160,1,15834,R
161,2,15871,R
137,2,15800,R
162,21,15730,R
141,2,15772,R
163,31,15822,R
150,24,15831,R
164,1,15887,R
165,2,15804,R
145,32,15763,R
166,33,15752,R
167,1,15853,R
168,1,15858,R
169,2,15706,R
170,2,15725,R
171,1,15856,R
172,2,15722,R
163,1,15824,R
173,34,15707,R
174,1,15718,R
151,1,15888,R
175,18,15750,R
176,3,15876,R
159,2,15771,R
175,18,15756,R
153,21,15735,R
148,25,15862,R
164,1,15891,R
159,2,15773,R
145,1,15761,R
148,1,15870,R
177,1,15844,R
163,35,15826,R
161,1,15869,R
177,36,15848,R
178,18,15751,R
179,1,15704,R
180,37,15838,R
163,1,15818,R
137,1,15806,R
181,1,15851,R
177,21,15846,R
182,1,15801,R
183,1,15850,R
184,2,15715,R
136,1,15817,R
154,38,15740,R
179,2,15700,R
163,1,15820,R
185,18,15780,R
186,27,15854,R
177,1,15842,R
138,1,15717,R
187,39,15852,R
188,1,15859,R
179,2,15702,R
170,2,15721,R
189,3,15877,R
148,1,15860,R
190,28,15813,R
158,2,15805,R
155,2,15810,R
191,18,15880,R
148,1,15864,R
172,2,15720,R
156,21,15732,R
172,2,15724,R
143,2,15703,R
192,1,15754,R
193,18,15755,R
156,21,15734,R
174,3,15712,R
164,2,15885,R
141,2,15770,R
137,1,15802,R
139,1,15843,R
194,1,15832,R
139,21,15849,R
151,2,15890,R
170,2,15723,R
173,2,15701,R
148,2,15866,R
161,25,15867,R
190,2,15811,R
192,1,15758,R
165,1,15874,R
136,40,15829,R
142,21,15731,R
195,27,15882,R
161,1,15861,R
196,41,15760,R
197,1,15753,R
198,2,15716-1,R
136,1,15823,R
199,38,15741,R
200,42,15857,R
164,1,15893,R
201,18,15759,R
152,18,15881,R
151,29,15886,R
202,27,15855,R
161,1,15863,R
148,1,15872,R
203,43,15710-1,R
150,1,15837,R
204,18,15781,R
153,21,15737,R
139,1,15845,R
205,44,2872,R
206,1,9473,R
207,1,9008,R
208,1,4205,R
209,1,4206-1,R
210,1,4335,R
211,45,4331,R
212,46,4074,R
213,47,4361,R
214,48,4308,R
215,1,7569,R
216,44,1590,IR
217,1,9477,R
218,1,9476,R
219,1,36313,R
219,1,36329,R
220,49,4321,R
221,50,4322,R
222,51,4454,R
223,1,36326,R
137,18,4340,R
224,1,2611,R
225,1,5311,R
226,1,5213,R
227,52,4083,R
228,53,3620,R
228,18,3628,R
229,1,3629,R
230,18,3627,R
230,54,3637,R
231,1,3635,R
196,18,3622,R
152,18,3641,R
232,1,9576,R
233,1,9552,R
151,18,4044,R
234,18,4371,R
235,18,4374,R
151,18,4046,R
236,1,4532,R
237,55,2423,R
238,18,3633,R
221,56,4320,R
239,1,6444,R
240,1,9370,R
241,44,1655,IR
242,1,9343,R
243,57,7375,R
244,58,8658,R
245,1,2569,R
246,59,4362,R
232,1,9578,R
247,18,8121,R
248,18,6501,R
154,57,4544,R
249,60,1593,IR
250,1,1750,IR
251,61,1942,IR-N
252,1,8151,R
242,57,9345,R
253,57,2386,R
254,62,2094,R
255,63,8804,R
256,1,3074,R
257,51,2083,R
258,1,9010,R
259,1,37656,R
215,1,7575,R
260,64,1577,IR
261,1,2070,R
262,1,4452,R
263,44,2382,R
264,1,9553,R
265,57,5003,R
266,65,9666,R
267,66,4066,R
268,44,1660,IR
269,1,8588,R
154,1,4546,R
270,1,2203,R
271,67,4525,R
272,68,1926,IR
273,1,3010,R
274,56,4655,R
275,1,4334,R
276,69,3623,R
277,1,5462,R
278,70,1759,IR-N
279,1,5201,R
280,1,1772,IR
281,71,2085,R
282,1,1832,IR
283,57,9346,R
284,1,5011,R
285,72,8391,R
286,1,3112,R
287,53,4650,R
288,44,1661,IR
289,1,9358,R
290,63,8807,R
291,1,2307,R
292,1,9305,R
293,62,1743,IR
294,73,1095,IR
295,1,5022,R
296,1,1692,IR
297,44,1686,IR
298,57,9301,R
299,1,5523,R
278,74,1757,IR-N
300,1,7033,R
301,57,9167,R
302,1,4511,R
303,75,5723,R
304,76,4705,R
305,56,4652,R
306,1,5510,R
307,57,5008,R
308,68,9170,R
309,77,8367,R
310,1,1541,IR
311,78,8221,R
312,1,1781,IR
313,1,1831-2,IR
314,44,2873,R
315,1,7032,R
316,79,2022,R
317,1,9005,R
48,52,4580,R
318,63,8806,R
319,52,9135,R
320,80,1968,IR
321,52,9485,R
322,1,6412,R
323,1,9613,R
324,1,9351,R
325,1,1749,IR
326,1,5207,R
137,81,4342,R
327,44,1723,IR
328,52,9383,R
329,1,5605,R
330,52,9610,R
331,1,9107,R
332,82,8021,R
142,1,4547,R
151,1,4042,R
333,51,9580,R
334,57,5628,R
335,52,4082,R
213,83,4367,R
291,57,2311,R
336,84,5720,R
337,44,1794,IR
338,1,9573,R
339,1,6812,R
340,57,5033,R
341,1,1691,IR
280,1,1770,IR
342,18,5711,R
343,1,9022,R
344,18,6456,R
345,1,3089,R
346,44,1656,IR
347,85,1988,IR
348,1,5524,R
349,44,1521,IR
350,57,7584,R
351,1,5303,R
352,86,4061,R
353,1,3007,R
269,1,8584,R
354,1,2502,R
355,1,8444,R
356,1,1638,IR-N
357,1,9436,R
358,1,4520,R
359,1,9611,R
360,52,2515,R
331,57,9105,R
361,23,1543-2,IR
362,87,8036,R
363,57,9382,R
364,1,3072,R
164,18,4045,R
365,71,9122,R
366,52,2700,R
244,88,8656,R
334,89,5626,R
306,90,5504,R
367,71,2854,R
164,1,4043,R
155,18,4314,R
368,72,1821,IR-N
369,68,1992,IR-N
161,91,4411,R
334,57,5624,R
370,92,9530,R
371,1,2567,R
372,44,1538,IR
373,57,2708,R
374,36,3076,R
375,1,5467,R
376,51,9405,R
377,51,9063-2,R
142,1,4543,R
378,1,5076,R
379,57,9480,R
260,44,1575,IR
380,1,9024,R
381,57,7401,R
382,71,2088,R
253,52,2042,R
383,1,3514,R
384,1,3024,R
385,93,1946,IR-N
277,94,5466,R
386,1,687-2,IR
387,95,1734,IR
388,1,9575,R
389,51,9347,R
390,96,1862,IR
391,57,8085,R
392,1,4104,R
393,1,4501,R
206,44,9475,R
283,57,9344,R
394,1,5105-2,R
395,1,9505,R
396,51,6313,R
397,1,9003,R
398,1,3023,R
399,1,4455,R
400,1,2235,R
401,97,5433,R
402,71,1894,IR
403,57,5110,R
404,57,3533,R
405,68,1944-1,IR-N
406,52,2071,R
358,57,4516,R
407,5,1738,IR
408,1,5001,R
362,72,8034,R
409,98,8654,R
410,1,4531,R
411,18,4301,R
412,1,9388,R
413,60,1594,IR
323,57,9615,R
414,99,1980,IR
415,1,5424-1,R
416,57,2704,R
417,1,5435,R
263,100,2384,R
418,1,8014,R
419,101,9061-2,R
420,1,7361,R
421,1,9487,R
422,1,4146-1,R
423,60,1529,IR
424,1,4094,R
300,102,7031,R
425,57,3084,R
391,57,8081,R
391,57,8087,R
426,44,1811,IR
243,103,7371,R
427,1,9006,R
375,1,5461,R
312,44,1789,IR
428,104,4365,R
429,57,9504,R
430,89,4517,R
431,1,5564,R
432,1,5106,R
433,1,367-2,IR
151,1,4048,R
434,1,9163,R
435,1,4106,R
436,1,9572,R
437,105,1756,IR-N
438,106,1588,IR
439,44,1657,IR
414,63,1984,IR
440,1,2068,R
441,1,4537,R
442,1,1771,IR
290,72,8393,R
443,107,1061,R
444,89,4514,R
445,108,1582,IR
446,1,2048,R
447,1,2183,R
448,109,8376,R
449,110,1630,IR
450,1,2412-1,R
451,44,1545-2,IR
452,85,1986,IR
453,44,1645,IR
454,1,5214-1,R
455,51,1555,IR
456,1,4302,R
457,57,5103,R
48,111,4584,R
411,1,4303,R
458,1,8653,R
459,1,4112,R
460,112,4583,R
461,113,9026,R
462,114,2606,R
463,115,1947-2,IR-N
464,57,9557,R
465,1,1748,IR
48,52,4586,R
466,1,1632,IR
220,56,4317,R
240,57,9364,R
467,1,4507,R
468,1,5734,R
469,52,9486,R
470,57,3532,R
471,51,1720,IR
472,1,9616-1,R
473,1,4101,R
474,1,2603,R
475,1,2046,R
476,1,2101,R
260,71,1571,IR
367,116,2860,R
477,71,1559,IR
478,52,1550-1,IR
479,1,7568,R
308,1,9164,R
480,1,1639,IR-N
481,44,1863-2,IR
482,51,2416-1,R
483,1,5071,R
484,44,1572,IR
485,1,9106,R
486,117,5474,R
487,51,9139,R
488,87,1921-2,IR-N
337,1,1790,IR
489,118,2437,R
490,1,3082,R
244,119,8650,R
491,1,2095,R
492,120,8023,R
493,18,5712,R
494,119,1923-2,IR
495,1,4103,R
151,56,4050,R
496,121,5612,R
497,1,7572,R
498,1,1725-2,IR
499,52,6314,R
375,1,5463,R
500,1,1693,IR
501,1,4506,R
249,57,1595,IR
502,51,2076,R
483,57,5073,R
503,1,5563-2,R
270,1,2209,R
304,122,4305,R
253,1,2050,R
504,51,4486,R
505,123,1064,R
506,100,1925,IR
507,124,1854-1,IR
508,57,5304,R
509,125,8004,R
510,126,9373,R
155,1,4316,R
511,44,1624,IR
512,57,2707,R
513,127,1589,IR
514,128,9472,R
515,109,8378,R
516,1,686,IR
517,1,9608,R
518,44,1834-1,IR
259,1,37630,R
519,126,5471,R
283,57,9352,R
520,18,8002,R
521,1,1667,IR-N
522,67,4528,R
523,129,3642,R
524,1,3543,R
525,1,5051,R
350,57,7588,R
526,130,6451,R
527,51,4330,R
305,18,4654,R
312,1,1783,IR
528,1,7364,R
529,18,6502,R
530,131,8201,R
531,132,1552,IR
277,1,5460,R
532,1,3011,R
533,1,472-1,IR-N
534,51,2075,R
467,133,4503,R
535,1,2415,R
277,1,5464,R
510,57,9371,R
536,51,1838-1,IR-N
537,1,9137,R
164,1,4047,R
538,1,8204,R
458,134,8657,R
539,68,1952,IR-N
274,135,4653,R
540,1,9669,R
541,52,1537,IR
542,1,1597,IR
543,18,4704,R
544,136,2594,R
545,137,9389,R
546,1,5560,R
154,1,4540,R
547,57,9501,R
548,138,1585,IR
549,1,8592,R
550,1,5412,R
551,1,1663,IR
552,63,1931-2,IR-N
441,57,4533,R
553,44,1688,IR
554,51,9064,R
270,1,2211,R
555,1,4453,R
556,104,5442,R
557,44,1682,IR
558,44,1891,IR
559,57,5032,R
560,139,5402,R
561,1,37647,R
562,72,8031,R
563,1,5423,R
564,57,5204-1,R
378,18,5056,R
565,1,72-1,IR
566,1,146-1,IR
567,1,3085,R
568,1,2039-2,R
569,44,3003,R
570,1,9111,R
571,140,3115,R
572,1,3004,R
573,1,2501,R
574,141,9123,R
575,142,6504,R
576,44,2857,R
577,1,1766-1,IR-N
578,1,2038,R
315,102,7034,R
579,1,6811,R
580,1,9694,R
443,1,1063,R
581,143,2481,R
340,57,5031,R
306,1,5502,R
582,44,2383,R
583,144,4143,R
584,1,7566,R
585,71,1887,IR
586,1,8443,R
587,44,1546,IR
588,1,4530,R
589,1,3547,R
590,1,6415,R
591,57,2709,R
592,1,5212-1,R
593,1,9021,R
594,64,5584,R
431,145,5566,R
595,1,8153,R
476,1,2103,R
337,1,1786,IR
596,1,3086,R
597,52,2564-1,R
598,1,9160,R
599,146,8096,R
148,18,4412,R
600,72,8385,R
154,1,4550,R
402,1,1890,IR
601,57,5021,R
600,147,8387,R
602,57,2381,R
603,1,1724,IR
604,44,1859,IR
605,44,9533,R
370,51,9532,R
606,89,5305,R
607,57,9192,R
608,116,2086,R
295,1,5024,R
609,57,5210,R
337,1,1782,IR
222,104,4076,R
267,1,4064,R
610,1,9618-1,R
611,1,366-1,IR
161,1,4403,R
375,94,5465,R
612,52,9134,R
613,1,1948,IR
614,1,5583,R
248,142,6503,R
485,57,9110,R
592,1,5208-1,R
615,99,1941-2,IR-N
616,148,8801,R
617,1,3075,R
618,108,8380,R
176,51,4338,R
619,149,5606,R
269,1,8586,R
620,57,2871,R
621,72,8383,R
388,1,9193,R
622,1,2516,R
623,1,2442-1,R
151,150,4092,R
624,52,2851,R
625,1,9303,R
626,1,2302,R
627,1,3536,R
628,1,9619,R
354,1,2504,R
344,18,6452,R
629,44,1823,IR
630,151,4524,R
631,1,8594,R
301,1,9171,R
431,1,5562,R
632,1,2608,R
633,18,5413,R
634,1,9132,R
269,1,8580,R
635,118,2438,R
348,18,5520,R
636,23,1736-1,IR
485,1,9104,R
457,1,5107,R
637,1,4485,R
638,57,4523,R
639,1,9664,R
640,1,2855,R
641,63,8345-2,R
642,1,3009,R
415,1,5422-1,R
643,1,9113,R
644,152,4142-1,R
190,52,4311,R
645,153,8003,R
646,116,2091,R
190,1,4091,R
255,72,8396,R
647,1,2560-1,R
648,1,3545,R
649,1,143-2,IR
650,154,5443,R
651,155,8693,R
585,1,1889,IR
274,53,4651,R
652,1,2069,R
161,1,4405,R
610,1,9620-1,R
653,1,5627,R
240,57,9362,R
654,63,1961-2,IR-N
348,1,5526,R
340,57,5037,R
322,1,6414,R
655,18,5701,R
656,1,3001,R
657,1,7567,R
337,1,1788,IR
658,57,9028,R
659,116,2436,R
510,57,9359,R
660,57,4515,R
492,156,8015,R
661,157,8397,R
662,1,9306,R
337,158,1784,IR
343,89,9032,R
663,1,1949,IR
664,63,1994,IR
665,1,8203,R
666,1,3511,R
242,1,9341,R
345,1,3083,R
667,63,1971-2,IR
270,57,2205,R
300,1,7035,R
668,159,9120,R
669,18,5414,R
340,57,5035,R
510,52,9367,R
586,1,8595,R
670,160,8032,R
671,77,8370,R
672,44,1866,IR
673,156,8016,R
674,161,8086,R
675,1,4504,R
425,1,3080,R
268,1,1668,IR-N
286,1,3116,R
676,162,5403,R
677,1,2079,R
678,44,1664,IR
679,1,9551,R
247,1,8123,R
680,1,4482,R
681,1,4306,R
576,71,2853,R
682,1,9025,R
683,119,2593,R
610,1,9614-1,R
684,63,1983,IR
674,163,8082,R
685,18,5710,R
686,164,1744,IR
687,1,2850,R
240,57,9372,R
688,57,1895,IR
647,52,2562-1,R
404,1,3535,R
689,160,5505,R
690,1,2234,R
691,1,2568-1,R
692,1,5522,R
653,57,5623,R
693,1,5404-1,R
396,52,6315,R
694,44,1833,IR
270,1,2201,R
626,57,2312,R
695,1,5072,R
562,87,8033,R
696,1,1732,IR
697,57,3091,R
698,57,3728,R
699,165,6401,R
622,1,2514,R
700,1,1731-2,IR
312,1,1793,IR
388,1,9577,R
701,1,8154,R
702,166,7365,R
703,1,3546,R
458,119,8651,R
704,1,1835,IR
541,23,1737,IR
705,1,9102,R
618,63,8800,R
706,1,4105,R
707,45,4332,R
283,1,9342,R
708,101,9062,R
709,167,9481,R
710,168,1922,IR-N
140,1,4333,R
155,1,4312,R
711,63,1937-2,IR
712,1,74-1,IR
705,1,9108,R
155,51,4324,R
391,163,8083,R
713,99,1963-2,IR-N
714,87,8346,R
715,128,9471,R
716,1,2214,R
457,1,5111,R
689,169,5501,R
717,170,1654,IR-N
718,44,1646,IR
430,89,4519,R
719,171,2609,R
720,1,4505,R
721,57,7574,R
722,1,2441,R
645,172,8025,R
375,173,5481,R
239,174,6442,R
723,1,4372,R
142,1,4549,R
724,1,1662,IR
425,1,3088,R
269,1,8582,R
345,57,3087,R
725,1,7571,R
726,1,1826,IR
727,1,6822,R
728,1,6823-2,R
128,44,1631,IR
729,1,8202,R
730,18,4441,R
376,137,9403,R
504,175,4484,R
731,71,3747,R
732,176,1861-2,IR
733,1,4513,R
734,101,9402,R
735,44,1648,IR-N
736,63,1928,IR
591,1,2713,R
737,177,4483,R
738,57,4510,R
689,1,5503,R
739,44,1818-1,IR
161,51,4413,R
396,178,6311,R
716,1,2212,R
245,51,2571,R
519,117,5473,R
616,179,8389,R
740,1,2081,R
741,57,9404-1,R
695,57,5074,R
594,1,5582,R
605,180,9535,R
742,44,1812-1,IR
743,60,1528,IR
744,181,9011,R
329,149,5601,R
583,1,4141,R
400,1,2231,R
699,1,6405,R
745,57,2074,R
746,1,5306,R
747,1,1633,IR
748,44,1658,IR
749,182,4065,R
750,44,1683,IR
751,51,9507,R
752,1,2602,R
515,183,8368,R
753,51,2518,R
754,23,9004,R
755,149,5733,R
756,68,1932,IR-N
757,44,1539-2,IR
758,154,5444,R
759,1,4521,R
515,85,8366,R
760,1,1587,IR
761,44,1858,IR
703,1,3550,R
367,57,2852,R
762,1,3501,R
763,63,1970,IR
278,1,1751,IR
403,1,5112,R
764,52,3530,R
765,63,1953-2,IR-N
574,71,9121,R
766,136,2595,R
767,1,5002,R
703,1,3542,R
768,63,1929-2,IR
755,184,5731,R
769,1,5411,R
770,57,2188,R
161,185,4415,R
125,1,1584,IR
771,52,9138,R
772,18,4110,R
323,1,9617,R
773,186,1880,IR
774,187,6443,R
775,188,1852-1,IR
770,1,2184,R
299,1,5527,R
776,1,79-2,IR-N
777,1,3503,R
213,189,4073,R
778,52,2027,R
779,1,2031,R
780,1,9030,R
781,119,2592,R
782,190,3746,R
505,1,1062,R
468,191,5730,R
148,1,4406,R
460,52,4585,R
783,1,8122,R
784,1,1592,IR
785,53,3646,R
190,1,4313,R
337,158,1780,IR
510,192,9365,R
786,1,3117,R
787,1,5565-2,R
788,1,5005,R
437,193,1758,IR-N
674,57,8080,R
641,108,8343-2,R
789,62,2093,R
790,1,2443,R
299,1,5525,R
791,194,8381,R
792,1,4102,R
793,1,8091,R
606,57,5301,R
245,1,2561,R
445,195,1580,IR
673,156,8012,R
794,196,1641,IR-N
484,44,1574,IR
795,1,5202,R
796,197,4702,R
797,198,460,IR-N
154,1,4548,R
798,57,1551,IR
548,1,1583,IR
734,51,9406,R
799,1,5302,R
800,1,364-1,R
470,57,3534,R
801,1,2444-1,R
802,51,2028-1,R
702,199,7385,R
803,57,7372,R
804,44,1522,IR
805,52,3114,R
806,71,3118,R
807,1,347-2,IR-N
242,57,9349,R
808,1,4113-2,R
716,57,2208,R
809,1,368-1,R
344,200,6454,R
449,60,1634,IR
441,1,4535,R
306,1,5508,R
810,1,6404,R
528,1,7360,R
811,1,2082,R
812,1,1596,IR
614,201,5581,R
358,1,4518,R
312,44,1791,IR
813,1,5431,R
457,57,5109,R
447,1,2181,R
415,1,5420-1,R
814,99,1985,IR
815,51,1837,IR-N
816,1,1753,IR
817,1,3002,R
818,1,9161,R
154,1,4542,R
819,1,5010,R
820,1,9302,R
308,57,9166,R
821,1,2102,R
822,52,3541,R
246,18,4366,R
755,1,5735,R
662,1,9304,R
823,1,2064,R
647,1,2570-1,R
565,1,78-1,IR-N
824,1,1836,IR
825,1,1745,IR
826,99,8374,R
619,57,5602,R
827,52,9502,R
828,1,2061-2,R
829,18,4111-2,R
830,52,9483,R
437,1,1754,IR
831,1,8585,R
832,1,3548,R
833,1,7366,R
834,1,2104,R
835,52,3544,R
810,1,6402,R
165,1,4336,R
836,116,5206,R
837,202,1557,IR
838,170,1653,IR-N
270,142,2207,R
839,1,8090-1,R
840,1,3500,R
841,1,9435,R
842,52,2511,R
843,1,3073,R
420,51,7363,R
844,1,5101,R
845,1,75-2,IR
831,1,8587,R
639,1,9668,R
846,44,9534,R
161,1,4409,R
847,80,1969,IR
787,1,5561-2,R
848,1,9695,R
357,203,9434,R
716,142,2210,R
334,89,5620,R
526,18,6455,R
849,57,5205,R
714,72,8344,R
850,1,1752,IR
851,1,1746,IR
590,1,6413,R
852,1,1897,IR
853,204,8655-2,R
590,53,6411,R
854,1,407-2,IR-N
855,1,2080,R
856,1,4373,R
857,1,473-2,IR-N
632,1,2610,R
526,18,6457,R
858,44,1819,IR
859,1,9103,R
701,1,8152,R
233,1,9556,R
860,205,4703,R
861,206,3745,R
486,126,5472,R
791,72,8395,R
190,57,4315,R
862,44,1534,IR
605,51,9531,R
863,1,3630,R
864,1,2043,R
865,52,9340,R
831,1,8581,R
866,207,2706,R
240,57,9360,R
867,1,1586,IR
868,95,1739,IR
869,1,2185,R
870,51,1721-2,IR
871,1,2517,R
303,208,5721,R
585,44,1885,IR
872,53,3645,R
300,1,7037,R
873,44,1824,IR
716,1,2204,R
874,1,5104,R
589,1,3549,R
328,1,9387,R
841,1,9433,R
328,52,9385,R
344,18,6458,R
875,1,2182,R
876,147,8386,R
521,44,1665,IR
588,1,4536,R
877,209,8398,R
693,1,5406-1,R
878,210,5611,R
879,1,2374,R
549,1,8596,R
880,211,1642,IR-N
290,87,8803,R
881,1,346-1,IR-N
882,1,9381,R
883,1,1540-1,IR
884,186,1558,IR
885,51,5216,R
189,1,4337,R
886,1,1090,R
484,71,1576,IR
540,212,9665,R
887,44,1722,IR
888,213,4062,R
331,57,9109,R
889,214,2482,R
890,79,2021,R
891,1,2604,R
312,1,1795,IR
892,57,1544,IR
893,1,2705,R
442,1,1773,IR
894,1,2041,R
526,18,6453,R
492,215,8011,R
598,1,9172,R
371,1,2563,R
403,1,5108,R
895,89,9031,R
240,51,9368,R
896,44,1535,IR
895,1,9027,R
897,1,8013,R
898,216,4109,R
899,217,402-1,IR-N
788,1,5007,R
690,218,2232,R
900,63,1936,IR
306,160,5506,R
901,89,5308,R
529,18,6506,R
902,1,2045,R
903,44,9001,R
904,1,3512,R
221,219,4318,R
164,18,4041,R
905,63,1945-2,IR-N
906,1,3005,R
582,68,2385,R
223,1,36322,R
561,1,37651,R
907,1,5432,R
653,57,5625,R
908,1,1532,IR
909,1,5405,R
910,61,1964,IR-N
911,1,1825,IR
912,123,401,IR-N
499,51,6312,R
154,1,4552,R
913,1,1787,IR
148,116,4416,R
514,57,9478,R
914,1,2089,R
573,1,2503,R
915,129,3643,R
367,1,2856,R
916,72,8384,R
917,1,9112,R
918,51,4442,R
509,220,8024,R
919,173,5482,R
468,1,5732,R
920,1,4508,R
921,221,1741,IR-N
922,52,2072,R
923,1,9162,R
559,57,5036,R
924,1,73-2,IR
925,222,2087,R
315,1,7038,R
871,23,2513,R
831,1,8583,R
510,57,9361,R
583,1,4145,R
876,72,8394,R
783,18,8124,R
926,1,1765,IR-N
619,1,5608,R
402,1,1892,IR
927,44,9484,R
928,223,1853,IR
655,1,5703,R
929,224,8093,R
540,1,9663,R
332,225,8001,R
422,1,4144-1,R
428,18,4457,R
416,23,2702,R
930,137,9384,R
510,52,9363,R
931,1,1531,IR
559,57,5034,R
932,226,1924,IR
773,44,1888,IR
449,44,1636,IR
933,57,5026,R
517,227,9612,R
294,198,461,IR-N
934,1,5054,R
228,18,3624,R
690,1,2230,R
357,44,9432,R
142,1,4541,R
428,104,4071,R
935,1,2613,R
548,108,1581,IR
331,44,9101,R
936,1,3081,R
773,1,1884,IR
937,228,1989,IR
301,100,9165,R
938,229,1822,IR-N
841,1,9431,R
939,1,9508,R
940,1,2605,R
941,1,5401,R
942,1,3113,R
622,1,2512,R
943,53,3644,R
248,230,6505,R
774,1,6441,R
944,44,1623,IR
945,1,5012,R
946,231,1742,IR-N
947,57,4522,R
301,1,9169,R
657,1,7573,R
948,89,9348,R
336,208,5722,R
949,1,4512,R
460,52,4581,R
563,1,5421,R
950,232,4701,R
586,1,8591,R
951,57,7565,R
826,63,8802,R
240,52,9366,R
952,57,1556,IR
244,204,8652,R
572,1,3008,R
627,1,3528,R
148,233,4408,R
245,1,2565,R
953,1,4063,R
158,51,4339,R
954,1,1893,IR
955,18,5704,R
416,89,2710,R
956,1,4502,R
847,1,1769,IR
957,1,7402,R
958,68,1962,IR-N
510,1,9369,R
148,1,4410,R
959,57,7362,R
960,44,3012,R
699,1,6403,R
619,1,5610,R
791,87,8805,R
266,1,9662,R
961,234,2420,R
962,1,1755,IR
963,115,8372,R
964,1,1091,R
499,235,6316,R
965,51,2411,R
966,1,1896,IR
967,147,8388,R
773,1,1882,IR
326,57,5203,R
674,57,8084,R
796,1,4490,R
968,236,3071,R
969,5,1733,IR
970,52,3513,R
292,1,9307,R
446,1,2372,R
428,1,4451,R
636,52,1536-1,IR
955,1,5702,R
320,1,1768,IR
716,1,2206,R
773,1,1886,IR
585,44,1883,IR
971,51,2084,R
691,23,2572-1,R
255,237,8382,R
142,57,4545,R
797,73,1094,IR
972,52,9571,R
329,1,5603,R
973,170,1649,IR-N
601,1,5025,R
974,1,5209,R
559,57,5030,R
674,172,8092,R
975,1,4095-2,R
586,1,8593,R
161,238,4407,R
312,44,1785,IR
976,1,5053,R
977,1,4107,R
978,18,5057,R
979,52,2092,R
980,1,369-2,R
981,52,2701,R
982,57,9023,R
671,179,8390,R
983,1,3006,R
984,52,9002,R
400,239,2233,R
985,1,2044,R
48,52,4582,R
647,1,2566-1,R
837,240,1553,IR
497,241,7570,R
986,1,1792,IR
987,63,1993-2,IR
770,1,2186,R
988,85,1987,IR
989,1,365-2,R
990,57,4509,R
334,57,5622,R
991,1,406-1,IR-N
992,57,2464,R
653,89,5621,R
227,59,4363,R
810,242,6406,R
993,1,2435,R
994,1,5023,R
588,1,4534,R
995,243,1851,IR
996,1,2063,R
260,44,1573,IR
997,244,9012,R
164,56,4049,R
998,1,9667,R
148,52,4402,R
999,57,3531,R
1000,57,2870,R
315,1,7036,R
602,51,2047,R
1001,52,3111,R
299,18,5521,R
497,1,7576,R
661,245,8399,R
1002,57,9479,R
1003,63,1991-2,IR-N
619,1,5604,R
212,83,4364,R
1004,57,5006,R
871,57,2519,R
967,72,8392,R
148,1,4404,R
1005,220,15984,IR
1006,125,15935-2,IR
1007,220,15985-2,IR
1006,1,15931-2,IR
1008,220,15983-2,IR
1006,125,15933-2,IR
1009,1,15934,IR
1009,125,15932,IR
1009,125,15936,IR
1010,220,15982,IR
1011,1,15362,R
1012,1,15139,R
1011,52,15364,R
1013,1,15189,R
1014,1,15305,R
1015,1,15034,IR
1016,1,15162,R
1017,246,15043,IR
1011,1,15352,R
1018,247,15425,R
1019,1,15106,R
1012,1,15133,R
1020,1,15184,R
1021,1,15132,R
1022,1,15310,R
1023,248,15086,IR
1014,1,15311,R
1018,249,15427,R
1012,1,15121,R
1019,1,15110,R
1024,1,15167,R
1011,1,15360,R
1025,2,15401,R
1026,250,15035,IR
1020,1,15170,R
1021,1,15126,R
1027,1,15109,R
1028,57,15141,R
1029,246,15042,IR
1028,57,15151,R
1030,1,15361,R
1031,246,15044,IR
1027,1,15111,R
1020,1,15178,R
1032,251,15082,IR
1033,252,15061,IR
1034,220,15289,R
1028,1,15145,R
1035,253,15083,IR
1021,254,15130,R
1014,1,15307,R
1030,1,15359,R
1027,1,15105,R
1036,249,15416,R
1012,254,15127,R
1021,1,15124,R
1037,253,15084,IR
1038,1,15051,IR
1039,2,15420,R
1030,1,15351,R
1040,23,15322,R
1041,1,15342,R
1042,57,15146,R
1043,1,15135,R
1013,1,15187,R
1012,1,15129,R
1039,2,15422,R
1044,1,15150,R
1045,255,15281,R
1046,1,15149,R
1047,2,15283,R
1011,1,15358,R
1013,1,15181,R
1028,1,15157,R
1025,2,15403,R
1013,1,15175,R
1041,23,15340,R
1048,1,15321,R
1021,1,15122,R
1049,2,15400,R
477,23,15057,IR
1039,249,15426,R
1050,256,15090,IR
1024,1,15163,R
1020,1,15182,R
1028,1,15143,R
1042,257,15144,R
1044,258,15142,R
1021,1,15136,R
1020,1,15176,R
1011,52,15366,R
1051,36,15037,IR
1049,249,15406,R
1036,2,15410,R
1052,1,15204,R
1020,1,15188,R
1042,57,15154,R
1030,52,15365,R
1019,1,15104,R
1016,1,15160,R
1053,1,15054,IR
1042,1,15156,R
1054,1,15323,R
1055,1,15164,R
1030,57,15355,R
1020,1,15190,R
1021,1,15134,R
1022,1,15308,R
1050,259,15092,IR
1056,1,15036,IR
1057,1,15053,IR
1022,1,15300,R
1058,2,15411,R
1059,52,15330,R
1060,260,15045-2,IR
1061,246,15038,IR
1052,1,15202,R
1013,1,15193,R
1014,1,15303,R
1022,1,15302,R
1018,2,15421,R
1062,8,15284,R
1030,1,15363,R
1063,1,15203,R
1064,1,15102,R
1065,23,15344,R
1066,52,15033,IR
1021,1,15120,R
1014,1,15301,R
1067,259,15091,IR
1068,251,15081,IR
1069,261,15125,R
1030,1,15357,R
1020,1,15172,R
1013,1,15191,R
1013,1,15173,R
1012,1,15131,R
1070,1,15071,IR
1021,261,15128,R
1013,1,15185,R
1036,2,15412,R
1025,249,15407,R
1042,1,15140,R
1059,1,15332,R
1014,1,15309,R
1021,1,15138,R
1066,1,15031,IR
1016,1,15166,R
1049,2,15402,R
1020,1,15180,R
1071,52,15032,IR
1040,52,15324,R
1072,246,15046,IR
1027,1,15113,R
1049,2,15404,R
1012,1,15123,R
1024,1,15161,R
1011,1,15350,R
1013,1,15179,R
1028,262,15147,R
1039,249,15424,R
1058,249,15417,R
1014,1,15313,R
1073,1,15171,R
1067,1,15093,IR
1074,1,15056,IR
1075,1,15101,R
1018,2,15423,R
1076,248,15085,IR
1058,2,15415,R
1027,1,15103,R
1054,1,15325,R
1027,1,15107,R
1058,2,15413,R
1011,57,15354,R
1036,2,15414,R
1077,246,15048,IR
1013,1,15183,R
1025,2,15405,R
1013,52,15177,R
1028,1,15155,R
1078,23,15331,R
1079,1,15165,R
1022,1,15304,R
1028,57,15153,R
1080,1,15349,R
1081,1,15072,IR
1082,1,15341,R
1012,52,15137,R
1030,1,15353,R
1019,1,15108,R
1083,2,15282,R
1011,1,15356,R
1042,51,15158,R
1084,1,15152,R
1028,23,15159,R
1042,52,15148,R
1020,1,15174,R
1085,1,15320,R
1020,1,15186,R
1022,1,15306,R
1014,52,15315,R
